5933,6262,9700
9752
7256,9711,2843,4108,8330
2169,6917,7972,6980,8549
8164,6551,6190
635,7944,9862,7363,4710
1876,9929,675,4190
8134,1629
2727,1743,4104,9749,256,5572,2490,7119,5695,327,3497,2596,7356,3093,1007,6509,352,6783
801,1330,8195,5963,9427,7106,6212,4510,4658,3331,4847,3197,8438,8018,151,9913,6995
1750,5562,2273,8521
9140,7678,8503,408,3988,7085,7188
3211,2387,9209,8668,3473
7674,6183,4370,9302,1905
5400,142,1860,3924,1158,5219
3415,1682,3061,3602,9365
6518,6089,4319,7655
3993
7595,3673,8730,8245,7694
9873,4474,741,5644,1640,4679,1149,7210,4417,3787,7626,4112,3595,5053,1717,6017
3077,5399,2728,2161,8870
5694,7930
6604
1359,1954,3702,4453,9836
4563,5107,4910,8116,1719
8071,8256,2353,8154
3477
6520,3414,5719,8298,1701,751,2817,3924,471,4625,5616
6597
1732,4404,395,4407,4302,6045,340,4896,7807,4997
650,2330,716,2293,3753,5130
4543,4088,692,8674,5693,1949,7737,841,5943,215,7209,9754,3501,6516
277
5,7212,3092,9201,4004,2602,3363,4273,9906,6626,8859,6358,484,7156
3605,6194,3430,5883,1447,847
6049,9588
9133
4842,4567,8506,7000
1118,1718,1975,2119,4596,7916
3840,6430,3155,311,796,4216,1993,3728,5905,1037,1286,1377,9554,757,9580,3866
1933,8490
4732
8114,6647,9435,9183,1742,604,8872,480,6979,5481
3791,3000,1832,4858
8178,9468,3703,922,893,5957,2919,7092
2220,8038,7452,1728
5152,1423,8704,9350,7825,3964,4165,3404
6873,3624,8829,2224
7604,5037,6625,419,8688,6820,7966,7055,8228,2676,382,1261,1491,74,7342,7033,2318,8938,757,3288,4527,9868
2570,6267,1411,3746,2970,5884,4596,7071,9376,3312,6717,6218
990,5239,8984,3974,4636,5785,2267,7531
9139,4283,9015
6088,1651,4213,2625,1397,715,9840,8888,7279,1940
5546
7163,6278,7236,7899,7271,7992
9098,9245,6186,3802
1850,1187,292,7337,4619,887,4453,9888,4785,2089,2353,9097,270
7238,2483
8591
4942,9585,4189,7519,2544,6342,2697
977,4083,4350,2794,5459
9526
975,8148,5608,3845,6934,1036,8304,25,8369,4323,4182,739,6123
9335,753,6269,9485
906,1680,9279,7375,5614
8063
2043,1723,6911,4961,8811,4823,5074,9802
7145,1236,4347
7278,7009,9437,213,6603,8287,6549,2205,5668,5252,5250,3645,3090,3564,5958,2816,9783,3407,6894,4263,6249,5882
9049,3449,2564,8064,4073,1711,6547,976,8833,9348,6265,8302,466,8883,2980,2095,5049,8126,578,9183
8048,3906,8292,6219,8016
7763,8017,4448,8386,1807,694,3547,2618,3890,3564,9541,917,5615
5725,6914,6306,3640,7244,3905,6577,6580
2158,7396,1943,4838,6731
8034,7862,3201,5998,8884,258
5143
4674,3029,2571,8557,4455,8548
7291,5678,1855,6273,7401
3565,1299,3916,9210,5523,8553,155,9106,4357,9882,1487,5442
9961,701,7097,241
8980,6015,3354,3355
3892,8653,3523
90,7042,152,2182,5059
3572
2211,7994,8275
2384
779,4007,4066,1177,4774
6786,1292,8348,1553
6014,5411,7730,6778,7717,255,5505,1554,9339,8031,9734
9035,4445,3327,9134
2579,1559,9870,5153,3251
1413,6961,2220,1779,1875,5243,6257,7196
346,3447,5569,2632
2547
6635,9247
9109,8227
9421,4890,3836,6586,2251,9727,886,9225,3718,9629,999,2089,8080,8932,8139,7210,5342
8547,8184,7097,266
4215,3608,2265,2440,5700,9134,9085,6430,4179,5092
5683
8788
5375,1966
2804,1135,6358
7963,1309
9662,9973,7508,7478,4194,9491,3580,2834
5460,3185,895,8426,431,1610
7031
2293,5490
1781,9327,7042,5692,3877,4241,8310,640,299,2019
1568
4758,933
5737
7456
7728,9534,1615,255
8693,2665,5001,6,5852,6913,8536,3042,5260,7490
5226,821,7369,5199,494
9760,551,611,5863,9357,8040,2390,6144,8541,9310,4749,8100
1561,9160,7001,2411,9552,6416
7764,7781,1294,1551,7611,7694,7619,2975,1000,2214,3522
6269,5050,3645,9294,8331,1134
7078,5002
7523,1816,4950,2786,9743
9794,6448,720,4110,532,9047,1709
6882,2825,3258,1958,1298,7442,7112,6697,1175,8523,5394,867
7583,3884,3540,3565
2153,6443,3821,8753,8632,9633,3967,6096,7622
6397,2886,1662,58,3578,8153,3393,8928
9743
7459,601,187,9254,5413,6282,8830,9230,7878,3394,9903,5175
826,6038,7178,2439
4226,2404,3691
8753,5443,3455,5687
2412,6241,7246,6177,9573,164,2692,7013,6229,347,242,7629,8662,433,5314,260,5739,2207,8793,7065,6424
7982,1786,1517,4144,9036,6695,7199,2291,162,1219,3932,3106,605,201,9018,3369,8181
4066
6292,2252,4629,7823,3453,8074,7842,3769,9486
7006,588,2500,6794,6891,8572,3044,4359,9147,4787,7393,2567,5057,3127
7877,5991,2696,5372,8539,5864,2615
5366,3842
2166,1690,9170,7516,11,2107,6441,5804,2697
7322,399,3533,8942,1017,2585,4456,1397,5761
7957,4391
7460,4286,504,6825,9697,6824
9040
7920,9373,1422,600,2005,6570,508,3001,329,535
9563,9330,8100,2986,1364,1307,4434,7647,1254,869,9361,4555
6704,9696,4975,5605,1038
6247,2363
1415,324,3872,1620
2444,2329,7593
9522,5897
2850,7234,8067,9985,4251,339,3954
249,4585,1545,3391,164,307
4283,851,6226,8779,8967,7088
9721,9166
399,7264,8161,4402,7587
5414,8915,5281,3,2650,222,2992,1545,2395,2695,2536,4924,7727
9738
9704,7105,3761
4935,2975,2193,13,3276,1672,3966,9140,4492,8571
9255,7861,8843
6381,8917,5171
5283,8553,4775
8856,4031,1713
9723,705,756,2460
3979,9148,9298,3431,7762,4617,7292,164,8776,3061,8992,261,1532,3265,7899,6381,6671,1345,5944,2756,501,9082,9976,2483,2900,1198,2694,418,8489
7638,6373
829,6917,7860,562,1919,1786,7381,5129,8236,122,8152,9308
4353,6876,9155,2529,6968,6580,4740,1697,3978,4306,427,5375
7854,5874,4871,2181,6312,4775,7628,5763,6495,5452
1915,6142,9455,8795,6916
6706,1529,1166,8065,1493,6611,6282,5731,4103,8239
845,7668,6408,5370,5649,1031,8180,2740,149,8295,2628,6282,250
134,5144
5283,5116,6142,4179,6058,4378
1065,5609,286,7445,3021
9607,5285
8646,3069,53,6031,4955,963,7572,1887
3688
9566
6255,4140,2076
4332,6883,3733
3836,1863
9898,4100,4172,8001,3508
1064
7808,4277,8575,3833,1658,8360
9766,5335
7683,1724,3362,7588,2058,9707,7444,6302,3648,1891,8009,2797,4798,2810,8296
8058
3562,7780,2304,3212
5341,1874,3225,390,4598,3114,3333,1924,7204,3651,2905,6331,5125
6700,5443,7015,9969
7212,4876,9580,421,7017,1051,8325,4336
9393,6991,8961,6864,608,4895,435,555
2487
5604,4420,8874,7259,8953,1543
6899,1032,4577,4234
9460,6620,6926
5307,8562,7731,6505,8437,7029
4691,6985
5908,2400,6294
5244,5314,1520,627,3323,9178,5359
2753,1532,698,2716
5820,1784
8406,4467,8315
4870,4755,8892,9913,6469,1650
1369,5202,6620,4395,2065,7381,7098
8020,2487,7179,5097,912,3471
1811,7430,9522,329,4966,5406,5522,397,4193,1920,6690
2539,5432,5268,1607,921,7778,2010,1275,814
6774
9984,6466
1487,4533,6848,8653,329,1879,1158,3949,8435,8822,2642,9527,7094,9832,5407,4043,7141,1409,1498,4601,6508,7205,3808,1021,6683,8310,8094,80,643,9365,7747,6404,628,1751,270,6482,4293,3005
7388
9892,8998,8340,3215,3379,3486,6592,2172,5932,3946,385
6273,117,7042,9247
6021,5825,3126,8150,8272,3337,6867,8796,5325,7697
2762
6563,3157
4181,580,7637,8234,9169,8532,855,3787,9116,4579,5329,2596,9579,7433,6680
6093,1695,2484,668,5157,7747
9392,4851,8927,8555
5512
7202,6028,9116,5613,3280
5988
6931,6939,9700,7123,1097,2811,2760,9141,4980,5105,6357,5843
1112,4366,9677,7733,409,7588,9579,9880,2200,2383
6447,9047,4279,1859,4470,2947,6717,1885,5093,3723,4503,4199,7011,2949,9123
6095,1488,5783,1052,8112,6016,4231,9413,3194,2042,9247,7941,9693,8837,9279
2314
8576,2492,4068,2458,1376
2113,4670
513,1003,8508,3543,4295,2180,8745,5650,9738,5234,6923
1615
9663
1699,8367,7158,5994,4416,6791,6576,8896,807,3307,4445,119,9185,9021,3713,1313,4457,4643
6366,9707,588,6606,2004
2921,1973,4594,2339,4624,5069,2757,1060,4775,8695,4807
6286
6595,7382,8509,3468,9157,5619,9733,9874,8004,5489,1271,6534,2801,4062
7541,8428,4592
6871
6118,7276,7803,4809,3939,9817,2139
7593,9402,1809,4074,2194,2871,5395,4976,5350,5737,1669,6874
6623,630,4304
4824
6981,7167,285,5407
4766,4188,2072,1724
1494,1149,8186,6509,7626,5516,3019
7589,3683,4583,5947,5465,6969,9876,2335,376,3817,1604
5275
7795,273,9497,5633,9665,1955,2713,9738,2445,1472
3664,5142,5871
3094,1377,8998
8231
7422
6803,6869
2045,1771,633,6346,2806,9912,6462,1077,4629,2767,2588,1743
8834,2267,7954,1559,3039,8355,797,1092
5896,3591,8168,9429,9934
2999,2956,5431,7602,5459
6345
9598,1975,2115
5697,3665,9963
2248,958,1147,3126,2681,9756,8591,3458,2491,7517,5274,7833,1249,497,7535,3162,6481,8158,5303,7171
475,8078,5570,8896,8692,3639
1199,9325,9296,8412,373,6849,59,4213,6240
4543,2121,1556,4088,6207,5815,9311
6679,474,956,5837,5790,9451
6870,457,9575,9867,7111,2355,8205,5522
5141,7902,4027,3499,7946,3420,8904,7598
8943,5020,7403,5529,5687
6848,3542,6639
4706,8214,2229,8403,8884,4858,3634,591,2312,262,1573,4891
9299,3403,7786,2869,1398,5208,4059,9348,9867,4818
5883
6277,1804,7399,8792,1633,4028,2784,5828,1525,6313,1769,2912,4199
7262,513,1164,4278,2342,6493,3211,5801,3801
9541,9484,4547,8050,3161
1438,1791,128,862,7661,4901
2069,2815,9098,7833,1892,7300,4475,4786,5268,8728,9018,1633
9679,6028,2971,9150,4759,1822,7221,2082,3606,9393,708,3187,6734
1773,1546,9288
3130,8131,845
1977,2281
8490,715
3592,3885,6093,4437,451,7829
9323
8380,3166,4979,3654,5629,625
6864
7487
1098,5048,1900,3216,1873,1113,1785,2552,7100,6799,5275,6677,5081,554,6576,4740,1756,6747,6056
3740,6966,9777
5642
3074
376,3921,4932,5802,3455,1142,3998,5204,4564,6385,7436,2820,2530,2051,3023,695,9001,8681,9832,7896,701,2493,9836,6403
419,1281,6507
2851,8198,4292
283,7991,5205,2722,2145
69
6684,7265,8730,8949,1753,903,2108,6704,4819,6496,1684,3456,8873,4865,6987,5024,8499,645,269,2116,5615,8448,2060,6069
8569
2238,6986,8734
6959,7101,7564,5508,4206,1282,7895,1781
511,3802,5764
7958
2257,2825
8761
3923,4815,4277,8989,434,3429,7280,8059
831
9014
3842,5268,3861,1250,3840,7653,2304,9196
5460,1178,7877,2303,8951,9620
6833
9897,494,2705,619,4871,5844,6809,9751,1651,1816,9325,709
299,586,7802,4181,529,693,688,6825,8627,6390,6132,3314,4215,1515,1906,2165,5045,2777,377,1003,2045
5646
4782,6867,6797,7572
1898
3516,5059
5428,2604,8384,6092
8523,8311,7596,1477,5516,5376,5188,8637,9290,4923,9154,162,575,6493,261,6168,8016,7978,2656,3928,3941,2973,8484,5611
9226,5707,3851,1957,5797,684,955,4158,6313,2909,5974
1178,2993,5365,4366,8112,9922
6422,5331,2711,8302
2456,9093,7948,4174
2998,9016,8863,3959,2338,9941,4090,5570,1736,759,5684,2892,6339,9005,8550
501,3919,3263
3696,4192,515,9244,1416
2369,2336,388,9075,2333,9491
2773
8661,5940,1142,8062,4206,5643,8450,1675,6237,9782,9399,6841,8117,1505,8906,9584,3879,3166,2459,3639,9934,1370
179,5926,3173
8920
1530,6189,5455,6467,9919
9367,5223,4176,6222,2540
3207,9230,7653,9312,3018,7163,3369,5958,1152,5534,2398,6430,3299
1919,3739,7067,9744,4534
2063
9284,9008,5426,8323
141,6855,7920
1522,4173
1634,4665,717,7345
3954,8832,3689,1835,8676
3957,441,9416,3222,1540
7819,8834,1066,9392,8004,3504
108,7456,2403
3967,2181,3288,3252,3405,7550,5461,1699,10,7830,4456,1132,6821,5950,294,6682,5285,1996
7027,3724
7302
7742,247,4643
743,5933,7606,163,2049,3340,1846,9711,4512,3422,4546
880,1645,9136,2585,6044,9107,1700,3216,2046,9611
1027
4892,699,3497,835
1601,8325,7196
1975,1921
5066,5289,745,1987,4482,2982,5842,6703,70,8691,6673,6353,6005,4136,2909,1657,5131,4507,4007
8751,6325
523,5357,927,5854,1106,6153,826,3039,4930
2404,5376,5046,2133,988
3254
71,7196,9478,6803,141
1361,8902,2405,4589,8848,2462
5989,5168
6279,7374,3188,5240
473,1295,468,7531,7898,6444
7154,1023,9621,4850,54,3057,7145,9538,8040
1903,2618
9735,5601,203,392,8418,7595,9692,9074,9586,9458,5244,3407
1746,695,6125
7601,7445,9636,5995,7039,568,1213,7880,4126,1890,5533,6902
868,1988,9443,6645
4273,6523,155,6220
2739,2570
8732,2639,3936
6654,2251,6279,6505
3726,8672,7522,9927,6608,364
713,3276,3785
8985,3621,3150,5134,592,7636,1892,893,9162,8829,8122,4351
6986,5004,1423,6688
2332,1217,7528,2239,6238,5062,7660,5162,7999,9442,5112,5559,7021,9157,8385
2025,8356,4125
958
885,6209,253,7689,7748,1488,5015,5606,5030
8249,1485,6908,5014,1376,7253,529,6775,6559
4871,2673,6351,5911,4370,4282,3482,2607,9664
4539,7442,1525,6930,9055,1582,9206,1685,916,7408,5393
8653,2543,587,4426,5921,4424,1837
5542,7017,2935,1376,9270,629,97
7489,4498,9072,9820,2302,5453,3807
857,9468,7731,2366
4269,485
4424
5092,215,9303,1338
579,2008,4125,8450,8861,882,6403,7898,2217,1779,2028,9185
1987,6005,9271,5579,279,565,4431
6680
6776,9484
6988,2913,6650,1804,1184
537,4625,1636,9197,1873,6922,1326,790,990,6554,219,5240,7029,9719,3140,1441
6434,9457,7000,8835
6710,7933,6213,9792,853,3925,9013,4105,1692
3335,1127,9384
9932,348,5117
325,9691
2987,1732,5619
2747,5412,3380,2615,268,5779,692,8909,6126,632,7813,3032,264,8128,1397,8315,3981,8596,8916,1574
3601,9874,212,4783,4138,5025
1207,2241,6937,1388
9208,6921
7150,6216
8271,1148,6210,2214,1043,6806,2482,4446,5881,8743,8207,5804,5143,1536,6719,4514
4812,8023,9177,288,4913,3453,8065,2356,4469,3633,5769
4621,1264
1973,4833,5175
4943,9522,4743
1926,9739,4998,605,384,1136,4913,40,1061,518,1512,6782,6259,4192,2221,9481,2198,2899,1921,1811,8234,8638,837,9398,8583,1819,9881,8544,6852,5926,1185,196
5809,1969
65,4693,9660,5160,5348
1259,1179
2996,9599,2211,6492,117,3336,3732,2286,1388,9041,4008,3897,5238,2074,886,7377,8144,9358,1791,662,505,6417,3973,9393,1823
4111,3156,6450,8879,7501,4127,6554,3309,7099,1258,6146,6845,8311
4264,1985,9154,6714,2060
700,8421,9150,1646,6699
5535
2868,8212,7846,2029
8936,5884,8556
1338,7360
6726,438,2949
8440
5,1798,3174,2759,533,9938,5727,4617,8785,8145,1126,9198,1359,6160
994,157,4208,1439,162
1795,2843,494,6232,4013,6925,1697,4239,5802,8976,623,6360,4849,7870
2944,9788,6805,5418,7960,1105
5370,8199,1786,5106,9367,1415
1141,8165,4223,1191,9651,9274,1512,4294,6958,1167,8194,1767,4890,7237,9708,2730
3670,6602,960,8948,3875,7366,1663
2372,7492,5113,7093,223,5685
793,839,9471,4062,4119,3503,8720,3911,1106,3031,7225,488,3467,5162,1108,6716,281,2648,6384,4742,6652,1536,7761
2788,9026,7267,5636
4856,4911
629,3165,483,9718,5012,9156,9406,9442,2485,7008
3735,3661,9724,4846,9213
5858,9336,2877,1862,515,4011,3379,3279
623,3398,331,1013,1768,7610,5933,2506,8523,5473,6429,7250,4379
3966,3260,4544,6656
70,8380,4104
1064,9689,3782,7975,8766,8331,3480,5605
5668,9109,3674
6113,7688,4776,2531,1328
2313,8991,7209,2818
117,4531,635,9833,4375,8,8974,6588
4460,6024,6149,1755
3014,6853,2643,9965,5783,5778,8086
268,4453,6479,2096,1344,8920,1260,9480,8107,7613,5816,4790,4715,4425,4016,9057,4109
9693,7294,9976,2626,9699,6543,3783,3339,2390,6545,7741,3292,6392
2907,2789
7419,790,8104,6068,5492
2102,8549
9639,8198,5927,2510,9798,5666,3008
9965,546,8152
1422,1972,8556,192,8721,2302,4285
3582,3821,3458,7155,3268,445,8626,8833,5134
8227,3909,5018,5319
3588,2692,5575,6751,369,8467,8755,4119,325,4463,4048,1653,7582,465
7424,7931,8787,7255,2590
2966,3819,1271,6566,5381,607,2739,1474,2315,5136,9236,4652,8740,1595
2475
3310,7834,3662,1648,9671
6670,9477
9255,7434,1974,9758,5463,8881,8727,2264,5450
9277,6701,6920,8193
108,5316,6093,7688,157,5632,3543,4616,4872,8107,6223,986,3838,5704,6827,563,4259,1628,7453,8919,4394
8952,1750,9900,5693,8766
2367,8341,8410,8043
308,5004,7506,5433,482,7802,3522,4042,2877
8442,64,2029,3161,5614,4261,3174
7949,3107,9583,3035
6937,2464,3082,7621
9559,7677
427,2234,8599,3767
4019,6080,696,7960,4631,8652,9661,8863,3090,6174
7953
4572,8524,783,1232,1766,1328,1850,9041,5483,4163
8804,167,5952
7533
926,1372,4942,8389,394,7136,9884,1810,1864,5542,6910,7824,2012,6205,494,8310,3789,3415,6388
4455,7962,1533,6701,1030
1652,3502,512
9056,567
3528,9061,965
2578
358,795,9159
1358,524,6048,2381
3017,6282
6413,2503,6920
9872,652,7654
4162
8448,4899,8371,6101,8090,7837,4348,2626,674
8810
794
645,4715,5339,95,5754
721,4885,9191,6329,7469,4188,1592,3382,3766,5465,6779
3217,7975,9197,8567,5955
4899,6604,8261,6128,8145
2064,228,9961,1382,6476,473,1280,9536,2589,6184,7657,8176,645
9483,6883,6278,5930
7186,5145,4535,255,3998
9372,8803,2532,810,2641,864,8283,312,4824,6349,4991,2909,9020
2155,8300,1051
1183,8169,565,1686,381,3282,809,9874
3764,6122,4800,841,1899,7986,4593,5752,1314,918,49,7918,8039,8177,9587,603,8274
2730,5472
4817,7510,121,9192,4675,3003,3463,9580,9167
7136,1628,4777,7739,3288,5340,9590,3926,4524,4133,2186,5064
4236,7041,6021,1292,1420,7848,7742,9953,7377,9780,5545,2281,1726,5347
7447,5623,3008,6653,1801,7026,4964,251,1071
2509,6669,2723,6192,607,121,7430,4842,2780
9769
4408
1438,8013,6176
958,1179,1844,7853,3946
5582,2185,3063,1780,2514
1507
3756,4703,9779,1135,2456,1463,2321,8261
9989
3683,5186,232,6009
693,1463,4333
7
1247,8490,8645,208,4345,2241,4512,6370,1320
9250,6260
4284,2495,7150,8568,7778,8416,1149,8943
8870,1679,6136,3328,4723,3620,7774,4641
1710,505,7456,1636,3754,7482
1252
8949
129,4227,6974
6201
6013,6477,3624,6534,9317,1490,4147,6155,3476,9191,540,3275,2081,6446,8613
9908,5727,4971,1927,4661,4,5876,5754,9170,3638,6879,5273,4490,4054,6178
2150
9380,7341,8970,5392,156,5795,1232,2673,3654,6122
3417,1138,8725,1224,2898,8880,1642,3633,7555,4987,5471,1731,7070,3551,796
6629
8468,6914,1920,347,9876
1876,7261,4726
7103,5801,5724,1540,3752,6447,5896,5149,6172
720
4225,1189,7208,8135,8752,9767,1266,2714,356,8253,2171,7027,4441
1329,8111
7975,8877,4389,1743,2426,8549,6653,4460,8803
9084,9615,5425,7819,2885,7658
4039,1783,2922,2122,2705,7823,2120
2159,50,194,3368,8959
6965
8013,4184,8087,5481,7151
9685,5351,3106,4689,5505,3594,4467,5160,1548,9495,7561,808,6357,8784,6930,3267,9307
8537,3657,3925,7771
7114,4206,1886
5257,3136,1375,3134,9309,2617,954
3025,3514
7709
7541,9224,8699
7546
7255,3350,7931,8983
4986,9059,9957,9392,8743,7300
5548,2793
6757
9547,1381,2350,9104,7881
7397,9122,6151,8427,4573,1033,6490,3921,6633,1262,3530,740,8673,217,1532,8119
5219,5368,9300,8236,822,4719,2959,7365
1664,4048,1377
2539,7925,1425,9285,5646,1844,6292,3154,5379,3990,7822
1748
3666,6380,1820,6905,6052,1799,8008,5861
1171,7500,5853,9696,8572,2320,1588,3267,7809,9513,3788,3748,2213,5972,5614,4936,8789,6845
9260,1886,3400,8697,1008,6531,9656,7530,5234,980,2186
9605,9563,1671,6756
3642,3986
3570,7218,5470,650,3311,9218,5331
792,5980,3775,1834,7410,1607,8486,4177,4461,1953
5366,1083,9802
7169,8483
8680,4250,1671,5185,3192,1320,3719,6606,6734,3904,6388,4469,5407,6557,5631,8735,3512,7593
368,4552,2982,4635,5696,8277,81,4709
5308,2190,6022,2523,2795,1074,9460,9204,9014,9930,5105,5223
1965
2297,965,2745,4442,4081,1241
9005,1327,1505,7313,6812,1105,3187,7950,7340,8321,5865,9128,1883
6629,7768,298
1827,7645
2596,2302,7213,4284
5036,6247,4709,1390,4184
1307,6698,336,122,7285
3083,4045,2556,8079,3790,9927,9677,8330,9419,6346,8276,7375,9027,6895,4611,9179,7063,4102,951,6159,5725,5071,4230
1397
6895
8452,4174,3558
1997,2813,2457,4402,5262,8854,3302,8020,3170,9844,2007
6343,638,9771,1194,9435,9034,3907,4324,3249
8764,7764,6166,4973,4807,8317,8127,8091,9799,4214,9356,938,8067
5358,4129
2,8302,5161,8322,5278,4937,6178,2537,1256,5489,9669,9770,3104,8505
1988
5961,7978
5228
7365
6524
1820,1478
8269,7809,5133,625,2973,4932,8441
4156,2491
9896,6510,2915,8822,9554,7124,4604
2453,9092
4083,8448,8330,774
7245,4210,157,6404,7241,2548,1099,2915,5149,6820,302
623
9141,8531,5364,6051,3007
2174,6290,5806,3186,685,4221,3318,3024,4242,4391,5773
6693,4380
5227,9738,4556,3059,7346
6750,691,6960,132
9570,3725,8210,9321,2163,7282,759,5686,2537,1558
606,3133
4343,1119,4026,7150,3776,9459,8105,9311
1986,4062,8648
7645,9446,8711,6102,2208,618,8917,212,1011,482,8197,126,45,6862
3653,2568,3518,3394,4135
5048,2940,5024,8043,5950,9132,6348,8526,9293
2280,5638
6354,1752,9443
5988,8291,5436,2299
1038,1551,5843,9370
1975,3451,463,1670,7271,5462,2822,8297,2121,1332,7399,7513,5115
2785,7311,6714,4840,8302,5106,3882,883,9837,9429
578,6975
2546,9158,5732,3879,2519,3316,8651,9926,7652,6746,8533,6458
4131,8243,5027
2825,6126,8446
1895,5618,1666,2260,4745,4847,877,3882,7986,9899,1405,9627,6272
34,5876,506
4656,5980,998,1553,5323,4114,8607
8106,5766,4558,8972,1826
1002,586,8338
5866,994,1925
864,5401,6927,1518,8641,4366,4506,950,3845,1494,8433,2372,4291
1757,4495
2520,1579,9046,5102,3341,9721,4025,3453,4573,5878,6811,1453
6212,2635,4165,2445
507,6389,4619,992,9100,1884,7013
8112,9523
2158,5368,1886,3341,1703
8206,3835,4525,9369,7267,1672,7721,2396,6394
7190,489,7853,5895,3995,7885,6686
6658
8086,226,8368,2395,866,2930,5040,8272,8958,2902,7108
9700,7055,2530
9991,5349
1571,1732,6105,7369,5248,3396,3742,6009,8711,9163,4401
180,4516,8891,5664
6289,1362,3150,6690,5933,6699,3990,2345,6168,9094,5916
1866,1071,2602,2487,8356,5701,2467,4782,6104,2445,7052,7037,8097,9137
686,2547,5540,6337,2490
6770,7937,7833,335,1835,2035,9718,7121,2223
4160,1908,4131,6456,3190,4322,6043
8865,957
8223,5260,7120
5975,7910,2211,96,9462,6996,562,775
6656,255,4573,2004
3677
8415,5381,5115
2014
6384,7197,2257,2972,1462,7623,1076,3139,6106,6746,3169,5884,2315,2459,3416,6109
7936,9295,8970,2393,3935,9875
9412,4531,1204,4608,9955,8414,771,7587,8294,3750,8549,3719,7039,8158,1719,7599,5761,3713
1716,4770,1047,5274,8429
5028,5819,693,6598,2503,357
7652,5277
5097,878,3343
1800,2661,4975
5948,4156,7075,5580,3567,4805,4969,8186,6232,4127,1888
8644,277,9200,4416,4948,7740
4548,3108,3907,5086,6392,149,9722,9085
1392,2805
7248,3947,9828,9074,4870,6424,6672,5237,388
9588,623,363
564,2677,6990,5320
3981,9001,1812,9822,4070,2228,5034,320,3314,5423,1961
3684,273,9221
71,6866,4571,4963,8982,1818,8423,4819,8222,5780,6890,5203,1145,8618
4491,8318,5696,8971,4401,5930,9013,3018,7610,6927,7587
2920,1585
3983,478,5359,481,6046,8218,7842,3766,3704,3613,5842,3197
4683,3534,195,6689,7441,9193
3745,1070,7674
43,1963,8985,7517,9677,2817,7068,714,3869,3106,5294,6030
5855,4449,127,2323,8574,4208
258,7230,4557,2706,805,4263
6119,6317,2918,8214,4647,1163
5114,3723,8992,2190,3962,9272
2551,7795
7253,8859,7652,3294
1711,1517,4567,8935,4928,8173,5201,1681,9283,3329,2203,3758,6984,8943,9990,1958,5752,5039,9360,5702,3866,1008
3788,8390,5547,7783,1955,9598,816,8727,8859,3237
6081,5862,131,7279,3111,9794,4381,9554,4325,4655
9022,3984,7182,9925,3558,9309,7200,288
5747,8607,8569,4599
3413,6411,2556
1133,5666,9265,4053,5312,5490
7865,1576,9284,6050,9079
5061,4452,69
8585,6556,2748,7043,5679,2304,9194,2524,9766,3485,141,3922,6150,7327,5622,8861
6287,2101,5392,2024
7151,698,9620
6259,7604
2989,2553,1306
8989,6715,5332,6088,835,3794,1776,2469,8821,6371,1897
886,3697,7459,7475,9168,3177,8901,1845,9119,3374,305
8841
9564,7352,1589,5166
7123,8233,4753,2426,1965,242,2280,4604
6912,5448
263,6008,3766
8938,4972,3340,3952
7492,6001
1171,9461,7160,9394,5078,7235,827,9622
9721,3624,5486,4762,7605,6050,2036
7309,7314,2199,133,9658,198,8145,2393,7683,9798
3641,7963
5695,3497
9871
2673
5367,9329,6202,5012,7257,6328,3945
8579,8573,1716
1225,9653,6012,8861,1081,8937
7550
929,7056,3944,5102,9911,1513
3565,3427,561,2052,5778
4686,818
1697,8207,4193,4567,1789,7279,913,7222,4544,6905,3225
2291,8669
9071,7053,7257,5358,8822
6697,2555,2441
5068,6959,1298,1828,5303,8989,6228,8111
5370,5002,7304,6514,3761,2638,9812,9068,5882,187,5530,9981,8110,7424
6211,711,3762,7662,4181
8368
4289,3083
1961
4384,4036,6663,3557,6821,4272
8139
7663,3414,5666,9396,7686,86,5728,9943,6155,5097,5994,3033,3433,7874,630
6644
5576
5356,6931,3534
7740,4635,3399,3191,9224,4122,3652,8721,1613,8524,9836,4497,1992,7239,9398
8218,8085
8862,6721,5256,1444,8170,4944,5788,2980,3741,9921,1256,8952
3394,8263,1643,7702,1684,2626,1141,187,3788
8896,2434
7922,1554
5942,8584
4743,9107,4821
874,4412,2388
3887,8711,1996,1334,8499
2451,1468,6917,5271,1513,7983,6741,4006
1313,7446,8506,3889
2677,7001,4497,8124,8882
2888,6844,8210,6095,2171
4429,2958,6927,3979,2670,2958,3840,5156,6774,5639,6523
3307,2556
3930,5596,2303
8064,8646,5373,2910,2841,9789,3023,7183,6482,6111,7782
3203,907,9390
2876,7880,619,3904
8677,6148,9644,5548,8292,8739,2538,7842
5233,1131,4174,7122,1097,1244,1573,3936,6888,5995,2006,5272,2768,6988,7408,7902,4914,3441,920
4145,7262,9829,4936,7405,8853,4513,3065,2688,2205,613
5951,7276,1824,2575,8948,403,8497,353,8133,7373,572,3112,4786
9005,8461,2534,1211,4288,2985,3886,4792,3751,9160,9967,222,4869,4311
8220,9163,3064
1178,7976,6985,7435,6548,8187,4000,3862,765
2957,8230,4118,3168,9419,743
3646,3825
3528,3718
5982,1196,6401,4604,5338,9125,2567
4797,8171,7364,3161
9411,6379,369,4193,1453,8759,8259,1612,8462,737,6681,9379,8784,4342,395,9176,4716,8169,5693
2208,2825,9056,7211,9296,9181,9753,2215,803,2277,4034,3040,636,8122,2874,449,970,6339
5466,2807,3743,3336,3839,2044,6077
9085,2937
4499,6417,6385,1537,7627
3186,5806,9680,5974,2189,7601,4573,2694,8463,6891
3116
3105
579,1640,3071,1917,1840,7157,5182
229,8331,7439
1878,8096,4199,6331,1433,9179,2962,9841,9956
4617,4087,4255
1655,6234,1943,8567,823,7089,3754,5478,7070,4874,5993,8525,8907,1920,3815
6802,5037,6819,5461,1473,8741,520
5508,7099
276,5126,4901,5059,1464
6302,1851,2893,6545,5715,1367,8396,9220,6126,2919
8896,7278,2252
4888
3509,5609
460,3287,8746
2849
6660,143,4166,1441,109,7050
4286
1159,5510
7522,2423,3853,1159,5297,4601,8137,8365,3656,9716,2484
1417
1570
5108,1233,8682,805,981,5596,7976
3850,6624,5433
5419,9832,4962,3466,1152,8741
1964,5681,186,8860,8569,4154,8151,2704
7799,5499,3923,8956
8351,5782,7174,8598,6546,286,9539,7297,6304,6464,9572,3908,3881,9935,746,7322,9105
985
1479
1605,3580
2991,3379,6451,2112,144,9369,290,5966,6501,1227
5799,3881,4092
7535,3431,5084,6604
3668,2172,6127,4219,2325
7368
5775,2705,1120,2574,4316,5936,2784,7311,7466,8787,77,1797,1035,1416,14,8600,8922,5925,5519,2965,7943,1829,7077,2557,3318,1987,1484,240,3179,1353,2712,6002,7148,5630,3980
8279
7478,7238,6238
4860
5907,3852,4838,74,7496,2100
4670,4424,4725,3689,6805,995,8362,3528,2271,7443,216,6523,9430,2406,9524,6098
8145,2306,6638,8629,7804,3672,5934,3905,8236
2364,5753,7468,3769,5019,3005,9134,5527,1738,192,7440
6576,7848,5054,4802,8748
2891
3596,5263,2700,9843,7542,8917,9257,9659,6967,3925,4125,2079,1948
5993,3182,4226,7391,2564,1615
5434,5836,187,6655,125,508,4906,102,6153,7543,3099,8481,7929,9951
4281,8857
3529
489,3640,7201
5814
6682
9840
2521,615
3042,8133,2729
9093,1947,1015,7314,6215
111,4871,2001,3204,9712,1209
6024,9398,6408,7445,4585
4393,2320,4436,1397,9222,4828,1774,2464,6625,2749,8645,1050,103,4065,8608,47,9714
7319,3945,8297,6576,1118,6310
5810,7544,7810,9231,3320,4239,491,9528
9607,137,5090,8923,5910,9653,5277,1135,4182,4973,2329,4600,314,5379
31,7216,9701,875,62
7326,2186,3757,892,4695,4762,9748,1021,1068,1829,4765,3703,2630,4869,5422
5354,3483,7074,5087,2851,1006,4438,1939,2187,1290
1166,1486,1970,9236,520
9511,8206,9626,8059,6934,9427,0
7019
2443,3613,1253,9103,2008
3516,7786,7810
5088,9711,1970,7229,3896,7919,9558,9245,1518,4752,7792,494,5908,6695,1410,3131
5743,5801,7892,3343,7580,7468,9152,3818
5907,2164
8942,7203,9253,2952,3112,9493,7628,8973,3437,1131
8897,77,8297,3773
6750,6026,9261,5071,3056,4359,5659,456,4356,2498,5745,5433,2897,6215,4703,2454,3110
8388
7051,2894,8180,1119,2603,4365
2836,5873,492
8574
3113,2630,4837,7599,9641,2205,7128,6147,4107,3223,1703,1792,43
5073,378
825,3152,5314
5822,5348,3413,5441,6369,3225,8180,9396,8841,8461
336,5675
734,6774,1259,7946
6975,3220,7065,6688,7764
3853,4743,6037,7143,5243,4300,7151
3782,2497,356,5,3255,9438,6195,8709,3558,4416,1278,6419,1183,1552,7579,4654,7378
9618,2639
7592,196,2770,9757,3533
1418,415,2855,1387
646,9128,8822,5801,6365
4671,6546,1360
2715,6280,5898,2315,1203,8730,4763,6514,7395,7529,6102,6335,9003,4722,2697,6581,3484,663,1048,1599,2975,9496
7911,4268,5014,7131,683,317
7257,4880,2493,6177,3511,5866,4472,4943,9501
6446,9742,4498,6230
655,3941
3431,6266,4577,7017,6469,3653,6967,7042,6391,7165,7846,8658,1944,9442,2289,644,5500
7557,593,4420,9360,1021
2932,9055,5411,6957,7491,3816,657,9199,5267,7202,8624,4722,8156,1376,2724,4040,9357,297,308,6252,9400,3567,6776,4912,109,9611,9357,9882,6653,9540,6302,8506,8763,759,4265
9789
9950,1639,3413,5790
7737,3405,7802,2662,6540,1622,8778,6950,2234,1407,6446,6341
7993,1491,65,5788,2263,6611,6565,6150
9982
2343,5418,6052,5374,2509,1032,8087,8145
8836,3375,1326,6272
1480,3604
4473,3404,6195,1002
6376,8712,3386,4617,2242,485,733,6017,6989,8464,9648,8463,4916,4972,801
202,6840,7776,4513,5976,4116,6560,3063,6413,4144,8298,2684,6978,6130,3107
1276,5232,5121,7958,1365,5137,1599,4948,219,9748,7904,6879,2686,215,6561,606,3494,6258,1949,4043,7080,7876,8785,523,372
2134,8863,323,7429,3226,468,4519,7842,7478,4715
8873,1552,8787,808
6399,5688,4093,4317
1890,5660,6590,6028,9082
9509,1854,4947,5250,9358,3980,1785,2769,668
2588,7695,3290,4997
2804,7800,7678,1458,7276,3772,30,7505,3886,4504,141,2570,5243,8564,9309,2638,7140,3010,2518
2122,7575,9234,1196,3825,3631,9674,8306,7723
8651,5741
2216,8435
2302,8819,3533,6903,2946,3551,8602,9425,4580,8318,7205,2261,3050,1071,683,9516,1280,2149
5493,7182,7024,3052,4136,1350,8914
801,2474,5643
5131,9405,8540,6058,2452,4286,917,2920
2606,2474,9013
9934,8426,6662,9130,1562
4237,7965
6798,3524,394,3939,5673,6374,8854,2409,76,2997
5819,1596,7222,1028,287,4942
5722,5513,4023,2224,74
4601,213,2011,4194,5947,1848
9041
2929,7525,4133
7915,4720,4296,4762,926,1092,6293,210
1308,3365,1755,4546,7595,7649,7176,4451,9782,191,197,6429,4276
7115,715,3060,2281,4615,5120,4378,5565,762,8304,6348,4763
4015,672,4224
8695,5380,6890,9143,7761,8868,1067
2469,877,5027,5817,3455,5414,2750,6424
2843,7364,1191,4171
243,2243,4468
8634,8491,570,6936,7651,9527,873,9889,8950,3162,7296,3305,1553,3378,508,9093,6156,9426,2019,3525,2963,7894,3780,5248,1264,1148,7018,6189,9411,4773,9298,1806,6906,8412,8938,2281,7552,486,1417,9268,7149,9564
7342,4944,8354,7468,7513
2423,2330
5098,814,4254
7888,8388,2066,342,9583,9898,2993
6009
3979
6937
5880,3072,806,8720
1982,4060
8167,6756,2745,6347
9096,4283,5076,164,4979,3945,8446,6323,8020
5441,5745,1156
887,8963,8906,9143,6301,4165,7047,3238
5351,5367,9741,3310,7801
2221
8329,271,4279,6645,2238,1,8193
2815,102,2562,4982,2390,5994
6951
3088,5214,4702,9531,9755,3157,5118,9168,5351,7614
8216,2415,4870,8835,2693,2465,8306,635,4206,3084,3624
7403,5497
2535,2105,6804,4538,8161,5865,3677,8083,9974,7577
5340,8569
7254
1467,3095,6346,1046,5822,8506,8994,5548,4213
6987,2732,8265,3430
3220,6545
7599,240,3921,5808,6501,1841
8519,3494
4396,7145,1665,2216,5118,5772,5910
6774
8536
3845,6274,3537,5316,6647,8689,579,9462,4720,2216,6196,8670,6686,4872,8727
4977,7939,1259,5011,4602,6387
4328
4961,71,957,6769,3188
3552,8061,7100
9003,8513,3299,7448
9712,1677,7870,9611
7755,6275,8396
2653,1948,7197,984,2581,5333
7210,9729
5594,2732,6699,107,9851,3348,2907,9291,1924
774,661,292,3263,6637,5697,7210,5912,4108,9066,529,7013,5227,4567,1886,3881,4456,8714
6869,8032
3714,2593,6807
6473,1325,6116,5836,8086,2165,6986,9461,7137
3145,1806,7199,9076
8371,8806,13,7322,7813,7161,2261,7760,4209
8343
6933,4070
9544,8753,2639
8047,5093
6316
6205,1455,4191,4792,1707,7665
1871,8600,4345
2180,8256,2273,4447,4643,4261
2300,1149,6705,6432,5121,8211,9260,5698,949,5662,9879,8609,7956,5808,9834
1380,4430,7323,2508,5080,2305,4884
2793,3771,5656,211,3895,9638
1996,4107,2071,4538,800,3254
9227,9453,5184,4904,2256,829,8612,4339,8091,7094,6220,3865,9677
2057,9260,3586,1595,4001,1711,1750
4459
2468
8858,8522,6335
3455,6241,9612,5962,9339,221,5121,6866,6310,8009,1527,1185
7608,9810,3931,6539,3821,3688,8385
9687
1886,8022,6771,1859,2914,59,2440,6504,341,4702,3604,4218,6201,6366,9861,4815,962,4987
1444,7944
6906,1863,6006,7372,9124
6784,6536,1052,632,1390,1233,8424
2987,974,8474,2084,5046,4880,1153,7893,8556,113,2690,4994,4921,194,137,7638
3161,9298,3746,3772,9589,7115,8706,8301,5800,1050
3307,6701,6242,6796,6136
8820,5580,4627,593,2618,8180,9685,8130,983,6067,8770,3746,6331,3374,3175,6946
9142,860,7769,5579,5703
5000,5437,3836
6468,5288,3693,225,3591,893,8149,8810,6882,9149,4323,6044,1244
7532,821,1195,8360,8426,8123,5840,7284,4943,940,1613,7686,9254,9334,2619,4396,5280,2348,3016,8371,667,2308,5458,4543,5061,2467,5393
8939,7385,9019,8495,5418
3382,9665,1942,8708,799,5272,5556,9704,1116
1702
1487,7696,4868,428,7226,2459,2464,7085,5954,6048,5846
7114,1158,5972,2174,7945,4008,7275
3277
2694,7866,1265,3313,9700
9614,3337
5809,706,7057,3674,9182,770,8318,7107,243,6623,8096
3325,4597
7630,9703,2931,8131,2838,3279,4592,9670,2542,8531,8386,392,2399,1576,6551,7047,6060,1782,9514,7103,6304,8362,6378,4183,8564,3479,2206,7522,2753
6189,7541
4486,272,9707,5223,2264
3233,9580,2200,5522,2336,9240
5327,3063,5599,2386
8846,7499,7248,6386,2074,6539,8378
9533,2514,2672,8742,5003
2468,6255,6802,6898,1090,2992,6830,4103,3402,368,7648,6827,8587
3746,9670,6594,2185,1546,1294,4942,1889,1319,3774,3422,7584,5893,3076,6292,5912,6589,2552
4337,588,1641,9361,4091,1502,6523,8217,4600,5179,8451,1112,2613
1876,2364,1820,1331,5894
5793,5810,5518,984,7150,568,9210,6310,6401
6708,3958,8458,5993,9538,5090,9901,7586
7821,5984,30,5207,1111
9760,5214,381,4526,9183,3751,2624,7652,7662,9407,254,5985,4930,2453,6750
9963,7481,7065,7969,7485,6026,1395,8025,4356
2495
1155,8891,1441,6615,3760,3853,4423
9526,1274,1753,1939,8460,9828,6041
7336,3038,2657
6880,3214,438,8915,1658,8423,9684,3032,7720,5696
382,8184,7883
9952,5979,4331,6276
3770,4866,3229,5277,8782,8708,8358,3602
2345,8349,1558,9414,9994,1122,7181,6298,4862,9057,4362,7874
6404,7786,3509,2428,9773,3170,9017,2259,7573,736,55,7362,434,9969,6844,1490
7623,43,6974,1238,383,2092,6385,7507
7999,492,6003
2177,5553
7291,5500,5803
9122,2653,9668,9073,2549,3968,3600,1602
4900,1643,4793,2007,5121,6638,6458
2320,9332,9936,4240,1523,7716,4547
8919,4339,3639
4101,4920,7110
2023,9683,9558,3221,422,6020,350,5389
9621,9711,7011,9183
2791
4463,7641,7975,8960,5939,7441,8978,9967,1276
9532,9669
3382,8088,769
6161,8725,922,6645,2367,5121,7579,5166,2552,2957,1834,5852,1799,7913,6451
1346
2265,6397,4162
446,2247,3524,3957,6776
1084
7080,1727,9720,4174,7329,3629,4389,7475,7334,6572,4067
9681,731,6829,6376,2389,6730,8626,8443,247,4334,1774,2680,7019,2062,6097,8133,1613,8084,1110,6701,59,3909,1050,7448
1755,160,5154,3299,4773,8748,6370,5743,7554,7698,3121,1007
2245,7575,6800,5804,3348
8270,8860,8762,7989,2136,4365,2604,4912,259,9204
554,1174,1891,7766,4822,3759,6940,5810,3079,9247,1584,3014
9994,2840,1938,4638,7181,4924,5748
4399
2464
5463
4050,425,489,8242,7343,5082,9092,6901,9188,268,6309,4459
3462,1280,8783,9674,3375,2198,8085,5150,1729
7624,8005,5740
8325,5972,5314,5235,665,7933,6397,9243,5361,811,7296,6534,605,4180,8353,9910,6472
613,9037
2866,6746,8009,5792,8958,1518,7747,7599,2362,4934
7406,8551,9653,1444,1523,4156,1726
9381,7231,4891,186,3155
4470,4789,2892,9253,1241,6954
411,5888
261,5916,3674,447,6838
1322
478,3200,1549,9871,6884,3165
2320,9447,5101,7606
149
2740,6123,1068,4684
373,4526,3612,2763,6775,8409
4928,6140,4840,8557,9018,2509,2441
1406,8671,9604,2707,4782,1978,5553,5884
3461,6504,1196,1872,8221
2993,4964,8443,911,9689
2179,3271,6643,5952,5414,4356,4716,5404,3671
424,6758
5909,685,5203,8926,5048,7329,6241,2466,7198
156,8726,431,3108
4262,9023,9263,7499,9923,5071,2599,6304,1749,9764
3064,7347,7747,1648
8361
2369,1142,7784,5585,3436,4286,5189,2677
3872
8994,2509,8831,3952,9190
3097
5325,5730,4404,8069,8207,5480,9925,1017,843
2122
5816,8652,6664,8613,5432,5277,4641
1691
2252
1883,1067,8476,7914,2756,4823,6004,4385,2725,5259,3057,2452,6123,6162,585,7667,4982,4554,5818
9721
7755,6746,3878,1305,2647
4386,9592,585,5445,4074
2493
8702,6132
9902,9758,9780,8785,9998,3463,6842
8278
4668,4159,6920,3309
5897
1930,3541,5670,3002,9682,8216
8867,5676
4411,8072,2765,3957,5306,6486,4769,8086,6722,8137,8474
1257,3482
1312
6135,7953,5059
3825
7924,6202,7993,4785,4331,5785,3385,8239
8671,2079,6626,9836,665,8995,3655,9466,8408,9264,6137
4619,4447,6974,1051
6349,7353,5176,8345
5450
4955,3980,5225,9469,5874,6252,6029,3915,8843,7118,8451,4363,9035,247,2806,7064,4609,5433
9277,9240,5496,3413,2434,6036,2334
3187,6592,575
7499,7356,8944,7310,8559,5845,9216
5034,9688,412,9334,8878,782,5231,6907,1785,5833,7247,3870,991,1640
2863,2186
2497,5196,3012,303,9655,6802,4769,9760,9815
4226,2883,2965,772,6365,60
1431,5081
6768,4963,2879,5438,2033,5099,221,6909,6825,6297
3446,8574,5111
7698,5310,5832,3752
8815
8060,454,2862,91,1903,3718,2366,573,5706,1264,9547,1609,6372,9855,2807,6268,754
429,410,1723,2791
1504,5296,405,856,2752,1489
4149,9810,4486,2435,3689,3856,2066
7261,621,9979,1358,9621,5115,5716,1027,4954,9035,3584,1848
6412,321,7702,2362,2954,862,2162,9087
5171,6291,4286,5630,8085
2853,9958,9655,2565
1141
2899,3064,7943,284,3174,518,4799,8511
8483,636
2246,2652
6929
1346,5267,3535,563,3985,5598,2366,3948,173,5211
9574,1250,170,2652,5320,2590
252
3706,2680,9500,5922,140,7767
458,700,1895,3563,3846,1430
501,1550
5038,3537,6976,7009,5023,7560,2205,4494,1211,1537,6389,4433,826,8744,1273,1933
2520
7676,5633,8182,9391,3477,9066
707,5863,6674
248,3730,5149,9671,2889,6907,6023,1165
9018,9829,316,1253,393,520,7561
2694,5807,599,8573,1251,3034,8201,8728,2465
27,4709,529,7286,5943,6112
7284,524,915
905,118,2757,2267,248,9653
3413,2030,1066,5664,4810,3373,2383,3593
158
5306,8188,4943,2936,6953,7950,1895,1404,9116
3612,8628,9043,3685,6887
7487,7127,428,7571,2444,1808,3221,368,9091,3242,7047,1421,4459,7380,4401,6321,4421,6317,1386,8502,4452
5550,2490
9892,6231,2066,9915,3809,7401,2298,865,4342,4061,1810,183,183,7834,5558,934,3112,5575,7395,6486,8672
1887,8383,3192,642,7533
5389,5655,1689,9135,5624,2635,4379,2623,7946,4801,4861,2593,2803
8514,9977
521
9857,2780,4681
4314,6225,4186,5839,683,1420,8543,7841,6715,3441,5229,1537
4535,8574,1609,782
960,4471,1846
1519,525,4836,9914,8793
4233,1077,8139,9474,6245,5549,5991,1250
6773,4042,857,5337
7810
1076,1126,9570
9021,2513,8745
6259,7633,9219,6716,4058,1079,827
7951,1761,1032,5218,2934,5789,9857,9171,6696
4651
283,9574
3348,9912,386,8547,2644,1992
9396,5331,5972,4533,2978,9662,4318,3913,4415,4596
7617,9157,7060,6283
9092,9471,2314,5804,5494,6500,4995,876,5840,9161,3881,9788,6262,6901,7238,1310,2552
5170,448,7696,9860,3148,2805,9719,5943,2490,5564,2399,1049,2282,3267,7153,2384,3163,8806,4190,1662,4441,6395,637
9430,9063,3127,4056,8526,4224,9848,201,5626
7352,4221,4651,2884,74,7233,2087,559,7672,9754,7605
8200,2496,3664,3840,759,9267,3687,2440,8695,8135,3203,2415,5656,9611
2081,3910,9203,8837,7913,5148
6494,5508,1270,5447,6805,5445,7072
9893,8629
283,4258,5932,6038,5427
9495
8520,7256,525,364,8993,3370,3100,1812,7543,7772
4788
5915,5863,29,3838,5388,1057,4048,1817,1537,9885,4506,4335,6761
4502,2537
1688,1619,3441,4381,5293,160,2358,8765,6567,5356,339,5395
7907,3140,3513,2646,2679,2672
3729,5209,9733,8115,3338,8038,8592,7015,7688,8041,8880,5187
4649,5506
1047
226,6355,4713,8874,4485,9398,4954
5337,9349,3998,515
6876,5209,2723
8131,6069
4914,4989,9747,216,9789,664
1187
2222,889,8764,9131,8430,3123,6574,7794,2926
781,6326,1531,2807,6781,3630,3327,8051,5723,1285,8315,5764
6394
6914,8731,2150,4472,9291,2301,6835,8393,2295
8180,5567,959,3246,1355,6494,6349,6974,3848,4698,7559,630
2212,768,5021,9346,3431,2029,3593,8817,1825,7356,7352,2671,8689
4506,9681,352,8827,531,4515,5524,5152,9976
8503,2761,473,7306,6965,5425,4298
335
8218,6015,7017,3701,2025,1153
7637,3146
9250,3728,9580,9667
3639,9934
8995,8316,4788,1668,1107,6312,1928,5171,9962
5432
280
5085,613,6138,1260,2427,2045,4523,1879
5029,1571,2210,5894
4698
7754
1156,2782,1156,9814,267,9703
9043,7832,7582,1723
6883,2798,1728,9954,7737,6174,917
1548,223,3458,9734,7602,4300,4415,2039,8407
6112,4492,6441,581,3526,5009
29,381,7604,9214,4596
8840,941,708,8988
1244,1441,2489,3675,5163,6038
789
8926,9320,2793,5465,5722,9751,6643,8054,9840,6856,1676,7809,9465,4744,428,5230,3346,7221,1180
1555,962,761,3239,3429,9992
910,5157,6530,6889,5836,5030,3361,9052,5604,5912
9281,1808,8361,1080,2903,8592,478,6555,7426
1507,1645,6943,6912,1718,1282
4204
1239,8455,647,7850
5235,6145,436,6378
185,2173,1067
9957
6671,5376
5393,7951,4680,8227
547,2563,5664,3896,3430
4546
6803,1050,7172,9232,340
5945,7737,1081,2465,6568,3806,9228
8658,9564,9428,896,9749,2439,4301,4103,1623,8003,4565,6278,8428,480,6643,2889,6410,4882
5875,6382
7336,8238
5096,7770,5310,9086,2372,5854,1992
3834,5337,5966,16,5318,2253,1549,635,2732,8840,7186
5148,904,4207,3257,6766,532
7649,6617,4039,3968,9790,9548,4282,2181
5143,5305,8607,359
964,4345,5992
2369,9986,2352,6037
3336
7076,43,8693
7710,1199,8003
4475,4507
8420,8378
3716,1628,8871
8848,3526,1790,295,6946,3204,3777,8011,3346,1216,1193,3905,8830,7182
6596,7696,6141,7830,1488,147,5048,9632,7347,7283,7914,6558
8718
3998,4606
1315,312,7836,1977,3249,5823,7639,344,9684
1336,3165,2585,9385,9317,6762,6501,154,3961,3004,8205,2400,9239,6862
2696
5674,7982,102,8638,3430
6847
3392
1888,2439,2679,1032,2506,8986,8338,1945
8189
8235
4959,7206,5501,1273,5429,9588,603,977
8505,5401,9509,6205
8719,3486,5283,695,8535,887,8374,2034
7859,6755,1440,2299,7512,9326,8007
6657
4091,3859
1970,3707,6124,8491,6795,1292,2202,6619,4690,8024
5356,7198,5528,4976,7746,1890,4310
5658,3603,7315,5142,3194
9065,9077,7392,9280,6988,1331,9648,7422
5289,8848,3536,7867,7638
419,6957,615,207,5651
1328,2951,5803,8574,6259,5929
3554,2146,2850,5738,426
457,6604,4497,4231,7150,1884,7558,3941,7962,9554,3829
450,9234,3778,3364,2021,4579,2025,6508,2935,2118,2432,539,9392,3642,2083,1056,6474,2602,8655
1635
9812,6836,151,3526,5437,6122,543,5684,966,3108,8551
9558,4824,6883,6970,5057,2674,636
3089,37
7647,3778,7716,9010,3638,7363,2671,4233,3008,5951
5943,2929,8682
6542,3166,3618,6372,2158,3389
176
6577,9090,6005,9545,5218,8160,9292,9985,1429,5938,6453,7640,1402,9969,2206,6028,2136,5097,9885,9636,9424,779,4331,2484,1766,7184,9160,4951,9037,2724,1612,9942,6666,7089,4735,6147,8915,1393,2307,5940,1177,52,5683,3975,6984,4143,3914,9981,978
2058,8605,3498,8160,8177
2974
7725,4690,147,6984
6532,4385,6669,7272,7873,3509,6080,1078,3139,4803
9939,6270,7359,3768,1570,8082,6366,7501,4482,9637
4700
1426,2579,1583,9424
8031,9257,7563,2387,4793
3661,9613,4018,1444
3489
6259,4611,7049,188,1750,5219
3703,537,4721,5527,1759,8059,5769,978
1433,2244,8481
8850,4148,8337,3325,7268,7811,8433,5152
1982,5943
4308,9859
5174,3681,2432,8833,9757
9883,4479,681,4006,7081,4526,6453,1943,4072,3514,3322,9029,2308,2761,2728
5451,3112,8957,3566,6992,2445
6688,4975,6327,728,6188,1253,2364,4588,702,3644,1190,5841,6419,7332,5245,9934,6739,3462,9130
2642
1645,5558,9635
8671,2137,4661
1126,9836
3345,8057,4553
3206
4131,2560,3597,9819,6664,7798,6720,5458
3064,3060,4805
5732
9217,7787,4801,8243,1937,2744
3152,2554,4860,3767,434,51,9284,5482,2980,8673
7860,6510,4062,4703,7964,7168,5311,5900,4266,5323,4308,4872,4370,9340
8292,3644,5361,7550,9799
2991,1573
7824,5769,1118,3393,5048,6932,6594,8112
4925,7434,4087,9679,5067,570,1010,1398,2017,513,4300,9298,7425,5176,6527,1380,5981,7507,8210,1977,9913,9791
1967,1446,5194,4010,6381
1045,221
6421,1718,7738,9319,7150
4111,7814,811
1233,9218,1506,9510,440,3369,3935
2263,4788,2891,7441
5523,785,8703,781,1669,9954,6204
704,2487,3594,1577,6429,4969,6475,740,3655,7930,7419,3533,9197,6230,6642,9980
9927,1325
1677,388
4928,6579,6015,6879,2846,4369,8144,8478
9793,9081,2726,5525,9797,2604,884,609,686,2395,9162,3192,6768
3289,156,4882,9720,479,9945,1587,1332
9204
4891
1342,9217,3723
2949,5489,1497,4269
7896
2107
5928,5878,4586,3011
1377,5106
5474,1766,1614,6224,8508,8950
3385
6174
2290,7010,9256
6297
1066,1493,159,1470,5936
6937,4078,739,2018,2884,7769,7378,2049,353,9283,8909
5337,5576,4802,2857,806,5836,7743,9327,7657,3197
4808
7685,9390,8387,5166,913,6373,3017,9586,5974,2908,9431,2656,6792,714
1586,8632,8065,4118,8525,2705,1449
4711,9502
6128,627,5712,4853,2451,5599
9604,7620,4093,7746,8612,6776,9786,193,9205,2764,4208,4329,9715
7117,418,56,7643,8174,5913,5662,7893,7070,290
7908,5414
7193,2474,1768,8070,5909,7865,9169,5352,6521,2397,27,3581,6088,6264,6002,5375,7462,6596,9929,3947,2093,2298,2345,7889,9475
4677,8772,9007,9552
6499
8180,4848
8580
9236,614,8752,9776,1474,5332
1389,6068,9637,5198
802,2874,967,4118,7187,5736,7436,2974,9053,5470
4319,514,8175,6694,4364,6944,9624
2692,2384,7130,4506,8036,442,6829
3639,5116,5194,7061,3142,888,5544,1690,9297,6085,7058,3775
3596,7163,3233,9315,245,4436,7703,5797,6790
8757,435,8582,7142,761,8596
3015,3876,9158,3918,7365,8952,991,639,9834,1838,3516,2305,5877,9401,689,7090,619,3951,8735,9231,3785,2241,9365,9108,2800,5583,548
7881,2782
2898,6176,1784,5718,7018,1233,8472,7768
7652,4543,4107
7595
2143,5396,1919,1545
2414
9703
1250,5908,5405
7297,1675,1046,419,4202,4219,9215
1568,7332,8802
3827,4216,6025,7846,7663,7457
436
1258
6742
9709,7508,2202,3495,4585
6810,7018,3765,7987,2529,4728,4832,5202,6435,8832,2979,2158
7466,8301,2666,1929,7371
4344,8073
1447,8120,131,8297,6297,645,8984,6532
2809,2325
4307,3791,5435,8899,2609,4654,1
1322,4956,8405,8866,1681,7584,9185,2905,8077,2713,7527,9827,4986,4414
8020,3217,9006,5383,5109,830,6806,3601,2203
8175,2077,4719,6654,8989
2586
8424,7451,6867,2459,6210,8274
927,8993,4212,6770,2925,6045,8303,3526,1301,3369,4362,6287,7064,8479,8214
1971,9350,4896,9209,4969,9962,7845,9844,9659,5984,8246,6779,5338,4423,3091,7599
8916,3,3998,7931,6255,1719,5860
3837,5335,6174,7370,190,1451,1397,7505,1363,462,530,1428,3258
2897,1960,7031,6646,9756,3683,2949,2653,477,1708,8748,8294,4679,5013,4977,5803,4116,5382,2509,2030,8725,185,424,6173,1148,8640,5143,4432,8734
8476,3726,2453,8346,1001,2335
4251,9202,9005
5468,1014,4410,4262,245,9783,8000,1639,9191,5697
4325,235,7268
1471,7768,9884,4758,5397,8202,8215,1271,4687,3466,5468,1312,9380,3969
6096,1272,5939,3164
2705,8349,8247
1406,8058
2332,9716,756,5666,697
1585
344,2346,3060,5225,5157
7239,6224,9114,4916,5703,7048,1679,6739,7954,5878,949,9207
243,9840
498,6373,9630
2174,4199,7080
9281,8543,7355,1538,6942,3975
3941
9816,6524,9244
9701,9165,8213,2202,5141,1532,7652,8146,3870,3527
6057,8423,1037,7218,5562,9139,7446,5909,5995,1090,7362
6333,6278,8366
1307,5272,5148
4202,5199,2597,3449,7496
4699,3791
1563
3795,551
3066
2834,3645
1722
5026,4057,191
5034,7132,1410,193,6175
9648,2124,2834,8909,488,7559,1291,6159,4336
7479
9333,7493,3541,5583,423,9968,2213
923,752,8727,7562,9672,6432,1774,2813,7363
4004,1103,373,6247,7912
9755,8264,6174,5280,4180,1990,3253,9141,4915,5823,8503,3986,8056,2320,1709,6458,3802,663,1263,5888,3333
6572,3104,8006,4422,9884,2770,3686,7766,8896,9275,7559,1669,4779,1883,3449,5703,5627,7667,7743,6562,4939,3213,7604,9611
2646,8726,767,8988,3099,654,7307,6693,4567,4359
4586
6138,865,9150,9918
990,7607,7890,768,5305,1572,8693,1936,9071,3119,3625,8380,6723
4818,8020,409,5484,586,9741,5753,2457,4721,5976,722,2051,5109,5166,7174,9924,139,6295
5642,8369,4342,4385,3891
4449,1291,7979,2817,1148
4239,2141,78
1439
7922,7187,2437,8909,6916,4379,3687,7731
6231
8905
1133,1233,2516,4197,5445,7433
4644,154,437,1676
3202,7154
83,1909,8180,1974
4116,8275,3212,1389,4139,6731,1316,2141,1893,3160,6863,3866,1294,2728,5368,567,623,697
3209,242,7973,3727,1301,974,7650
1188,9199,6848
2482,9116,4384
1129
885,1393,9213,8631,4519,2110,6511
8333,4337,1310
2303,3288
3407,8520,6667,7924,6114,2651
6269,5310,1363
1755,3667,133,2890,7269,3803,1930,5428,4638,9501,851,2684,9130
2156,6493
3975,682,6741,4522
8360,7636,5032,4405,8352
4289,326,971
6554,142,2940
8243,8237,7632,9662,2059
2418,4482,8134,3266
6365,4446,7942
6045,1640,4135,7321,5121
5555,4962,38,9015
2545,5851,9031,7890,8403,8542,424,1922,7970,1727,2729,9741,6514,4641,9702,8775,7861,3988,2821,9355,9138,7424,4259,75
2980,6426,6361,2795
1473,1863,8960,5024,2205,741,9386,2854,7024,2795,3265,314,2081
2483,6763
7358,8977
7964,3285,892,3226,1818
9154,1853,9576,8951,8295,3611,3039
7947,805,7349,5194,6090,3435
3469,5398,7342
4022,6968,6491,7889,4313,6705,804,180,2542
3929,9354,6195,9731,2454,3597,7276,2541,9456,3815
5907,1139,5639,6771,7895,9515,5434,6869,7178,4078,655,7407,7193,4980,4372,6413,8089,5449
9021
2096,5013,3201,6498,3775,4324,2068,8060
2871,5271,200,8738,7798,6086,2789
8323
8693
8996,8654
5770,9021,7507,7019
5507,610,5646,7955,9960,523,6778,6293,2478,422,2399,2970,6258,1249,9098,4346,6961,165,8736,1148,944,8284,5340,2631,9758,9518,3582,9397,9622,8028
322,2882,9457,2451,5213
5333,3571,6848
8074,8861
3362,9278,1264,5459,5732,2724,2850,7603,7953,5088
2096,5254,1710
8274,2628,945,6562,309,1544,8428
3843,876
8595
8384,7995,6670,5389
4832,7417,3907,894,5423,8640,2471,7902,923,71,7082,566
9481,4373,4906,5723,7399,9743,6482,7225,6871,7379,3924,7003
5253,664,7465,1998,4941,6174,9689,5690
3587,944,2767
4249
5285,7929,1724
9831,3860,6810,9991,6304,9075,8415,2011,3145,7176,2379,8102,9336,3065,9248,5476
2248,7030,5792
8865,9197,9119,9779
7058,8713,4349,4833,7615
3134,5911,8041,7279,7022,616
2034
8432,9959,7159,5020,3127,9065
6626,1484
9337,8120,596,6275,6977,3893,4952,886
4254,5415,2953,796,3056,9940,3668,3623,5341,1901,328,3913,5434
1981,5634,9860,1403,1554,1044,4565,2967,7520,6342,1119,102,4851,3363,8785,8964,879,1004
4811,49,6130,3563,8085
9986
2045,483,7968,7078,1782,7176
1546,4162,3605
8741,490
2334
279,458,6347,2033,2428
5256,452
4923,5343,8413,8745,5917
909,8165,5009
23,2402,9152,6232,8496,4075,2265,349,3927,5800,2645,6777,850,3455,4934,6574
1952,4633,6257,2236,8561,9985,4307,9676,6053,5459
4965
6933
2964,4920,6667,2572,64,1260
3393
1015,59
1373,6345,2546,1454
1376,6185,3741,8737
8297,690
1119,3481,6316,4850
4113,7948,8936,2149,3372,3553,451,9468,6827,8698,1874,2909
6965
1788,8529,8372,1519,5518,266,9789,1654,7336
9418,7227,6841,539,5112,2983,2351,6082
561,2977,124,9680,770,2272,5550
8382,3570,7726,6905,892,4149,9020,8293,5933,9427,5947,5578,9195,7965,5442,1744,7301,7232,7630
6314,6921,5944,5036,5104,6659,2041,4638,2316,2245,8552,6620,6890
7435,4019,9543,1883,7914,8624,9952,2523,9762,6066,3237,9626,6940,7258,9530,3503,3044,7949,9107,391,4520,1356,5672,9323,7015,674,1190,664,8074,7384,983,5871,3066,4822
7852,3622,3730,1881,293,5398,4816,699
335
5756,9383,8875,9133,8111,5511
6376,9014,6163,1186
6477,2906
6552,2569,5644,8404,2676,9686,6295,4160,1708,7099,8252,7793,2232
2791,8380,9691,9641,7466
6828
2304
4490,4279,5952,4901,8659,623
7624,9554,8108,2327,4637,3109,2051,9748
1137,9487,9550
4749,6993,8208
4053,9855,6546,2166,8254,9048,1663,982,3209,1314